8.286318487473683936e-01 8.492141453831041353e-01 6.973610125094861223e-01 9.393203883495145901e-01
8.885679563372504974e-01 9.150294695481335783e-01 8.113540111141032130e-01 9.393203883495145901e-01
9.091791428639351968e-01 9.268172888015716593e-01 8.594580038679037193e-01 9.412621359223301010e-01
9.140496045393330382e-01 9.282907662082514610e-01 8.730813483806213471e-01 9.407766990291261955e-01
9.206071190513326341e-01 9.327111984282907553e-01 8.927023917354157678e-01 9.364077669902912682e-01
9.063778115548437597e-01 9.106090373280942840e-01 8.624078924820680614e-01 9.461165048543689338e-01
9.329363614686361217e-01 9.336935166994105861e-01 9.223971211045558505e-01 9.427184466019417064e-01
9.312213217226057438e-01 9.258349705304518285e-01 9.260814218218316185e-01 9.417475728155340065e-01
9.318493383854032919e-01 9.332023575638507262e-01 9.220543954564370814e-01 9.402912621359222900e-01
9.332791279119794225e-01 9.169941060903732399e-01 9.391539572572156214e-01 9.436893203883495174e-01
9.377215599881197905e-01 9.253438113948919685e-01 9.436461112879139801e-01 9.441747572815534228e-01
9.405617903533590729e-01 9.282907662082514610e-01 9.511615951430879567e-01 9.422330097087379119e-01
9.419336358820822319e-01 9.292730844793712919e-01 9.528385027785257755e-01 9.436893203883495174e-01
9.437819063415794352e-01 9.292730844793712919e-01 9.583833141570172742e-01 9.436893203883495174e-01
9.450349128980838342e-01 9.297642436149312628e-01 9.601948640113588951e-01 9.451456310679611228e-01
9.431141872477676324e-01 9.277996070726916011e-01 9.617371294278930227e-01 9.398058252427184955e-01
9.453950278570596444e-01 9.268172888015716593e-01 9.656784743812577565e-01 9.436893203883495174e-01
9.459620526393224260e-01 9.292730844793712919e-01 9.654091899434502633e-01 9.432038834951456119e-01
9.459906265657301860e-01 9.268172888015716593e-01 9.660089598276579981e-01 9.451456310679611228e-01
9.470556847902150688e-01 9.282907662082514610e-01 9.672452202012289391e-01 9.456310679611650283e-01
9.456713284509307149e-01 9.317288801571709245e-01 9.693627750985336355e-01 9.359223300970873627e-01
9.474178678382830787e-01 9.273084479371316302e-01 9.707703982961639610e-01 9.441747572815534228e-01
9.477730989271222484e-01 9.263261296660117994e-01 9.718475360473940450e-01 9.451456310679611228e-01
9.489719260009382706e-01 9.282907662082514610e-01 9.725085069401944171e-01 9.461165048543689338e-01
9.489053321858267331e-01 9.307465618860510936e-01 9.727655511762833829e-01 9.432038834951456119e-01
9.478311147796700808e-01 9.243614931237721377e-01 9.778697152929080039e-01 9.412621359223301010e-01
9.480010872118836973e-01 9.243614931237721377e-01 9.778941956963450588e-01 9.417475728155340065e-01
9.488564759429815032e-01 9.282907662082514610e-01 9.745893412323435312e-01 9.436893203883495174e-01
9.492922527904431584e-01 9.277996070726916011e-01 9.720188988714534295e-01 9.480582524271844447e-01
9.491587572660047378e-01 9.273084479371316302e-01 9.769639403657371934e-01 9.432038834951456119e-01
9.497274511348466897e-01 9.263261296660117994e-01 9.777105926705672578e-01 9.451456310679611228e-01
9.500708544802115574e-01 9.282907662082514610e-01 9.762907292712184049e-01 9.456310679611650283e-01
9.499823227178149088e-01 9.268172888015716593e-01 9.784694851771157387e-01 9.446601941747573283e-01
9.501613286540803172e-01 9.263261296660117994e-01 9.794976621214717127e-01 9.446601941747573283e-01
9.497544470829729635e-01 9.273084479371316302e-01 9.787510098166417594e-01 9.432038834951456119e-01
9.508620311773764433e-01 9.292730844793712919e-01 9.771965041983892153e-01 9.461165048543689338e-01
9.508664541361845357e-01 9.307465618860510936e-01 9.781634801341526630e-01 9.436893203883495174e-01
9.496587115780771304e-01 9.243614931237721377e-01 9.789835736492937812e-01 9.456310679611650283e-01
9.510027519859359790e-01 9.297642436149312628e-01 9.790692550613233625e-01 9.441747572815534228e-01
9.510040512694840631e-01 9.297642436149312628e-01 9.781022791255600257e-01 9.451456310679611228e-01
9.499468318295317681e-01 9.253438113948919685e-01 9.808073637053538185e-01 9.436893203883495174e-01
9.503792143928907477e-01 9.277996070726916011e-01 9.801341526108350299e-01 9.432038834951456119e-01
9.498654957237437912e-01 9.243614931237721377e-01 9.805747998727019077e-01 9.446601941747573283e-01
9.497822387481057449e-01 9.253438113948919685e-01 9.798281475678719543e-01 9.441747572815534228e-01
9.503866968301234452e-01 9.258349705304518285e-01 9.826066733579769119e-01 9.427184466019417064e-01
9.504794132237885940e-01 9.248526522593319976e-01 9.824108301304805835e-01 9.441747572815534228e-01
9.504809642906075773e-01 9.263261296660117994e-01 9.809420059242576206e-01 9.441747572815534228e-01
9.508024162329560269e-01 9.268172888015716593e-01 9.809297657225390932e-01 9.446601941747573283e-01
9.505815755797496491e-01 9.263261296660117994e-01 9.807584028984798197e-01 9.446601941747573283e-01
9.508301033340598174e-01 9.273084479371316302e-01 9.800362309970868102e-01 9.451456310679611228e-01
