3.616565065938353030e-01 2.635111876075731385e-01 8.114043385042249978e-01 1.005399366970768926e-02
4.097210555442199476e-01 3.248709122203098376e-01 8.200435111615588246e-01 8.424874325079129145e-02
4.682884098642492998e-01 5.033562822719449548e-01 7.167202673729348161e-01 1.847886799478681841e-01
5.285437105331102225e-01 5.783132530120481674e-01 6.957371673603228723e-01 3.115807112269595724e-01
5.834219674110981968e-01 6.064543889845094293e-01 6.705290705006936580e-01 4.732824427480916141e-01
4.703518671938671791e-01 9.844234079173838081e-01 1.953903392609408485e-01 2.312418544032768530e-01
6.134173118533557956e-01 7.532702237521514688e-01 6.197502837684449872e-01 4.672314280394712083e-01
6.801133443246726307e-01 6.903614457831325213e-01 6.831567663009207036e-01 6.668218208899646671e-01
6.839022290980114605e-01 7.448364888123923944e-01 6.631353260184134069e-01 6.437348724632284691e-01
5.871584494482090522e-01 9.779690189328743566e-01 3.172058267120695940e-01 4.663005026996834834e-01
7.017737095624255739e-01 8.063683304647160099e-01 6.481428931769454005e-01 6.508099050456153112e-01
7.410506709632399547e-01 7.799483648881239128e-01 6.905505107832009548e-01 7.526531372183951074e-01
7.468135320932297594e-01 7.323580034423408103e-01 7.019012485811577662e-01 8.061813442561907017e-01
7.495140900659637007e-01 8.273666092943201544e-01 6.976604868205322774e-01 7.235151740830385592e-01
7.620582264742045142e-01 7.410499139414802316e-01 7.101778282255013508e-01 8.349469372556320712e-01
7.676871443619989188e-01 8.332185886402754260e-01 7.120696178584940972e-01 7.577732265872276773e-01
7.697634954163814491e-01 8.500860585197934638e-01 7.035723294236347902e-01 7.556320983057158713e-01
7.262312020646439770e-01 8.671256454388984736e-01 6.403707907680665778e-01 6.711971699869669905e-01
7.928320309637481023e-01 8.443201376936316782e-01 7.399104552907049825e-01 7.942654999069074240e-01
8.043887714475689288e-01 8.372633390705679357e-01 7.442142767057636776e-01 8.316886985663749510e-01
8.079489487954071292e-01 8.393287435456110446e-01 7.532948669441291711e-01 8.312232358964810608e-01
7.672285148991123682e-01 8.751290877796902290e-01 6.935458443687728680e-01 7.330106125488735636e-01
6.172596585309052530e-01 9.937177280550774094e-01 2.742779669567410594e-01 5.837832805808974568e-01
8.189264166941093714e-01 8.281411359724613064e-01 7.656703241266238358e-01 8.629677899832433052e-01
8.145581159571881891e-01 8.369191049913941027e-01 7.525381510909320282e-01 8.542170917892385473e-01
8.248521325619012634e-01 8.502581755593803248e-01 7.777147181233446949e-01 8.465835040029789926e-01
8.260614406555109035e-01 8.427710843373493743e-01 7.731901879177701664e-01 8.622230497114131698e-01
8.287116234923380675e-01 8.594664371772805511e-01 7.755233951317946905e-01 8.511450381679389610e-01
8.313587986520637463e-01 8.555077452667814164e-01 7.882614453272795974e-01 8.503072053621300030e-01
8.327360391819090824e-01 8.668674698795181266e-01 7.844778660612939936e-01 8.468627816049152379e-01
8.350710702518641115e-01 8.611876075731497160e-01 7.928805650145037687e-01 8.511450381679389610e-01
8.332428757327307034e-01 8.689328743545611244e-01 7.814194728212889851e-01 8.493762800223422227e-01
8.204546480897710881e-01 8.134251290877796414e-01 7.705416824315802771e-01 8.773971327499534567e-01
8.471764690537463283e-01 8.703958691910499423e-01 8.087243031908185609e-01 8.624092347793707036e-01
8.347693815496790570e-01 8.752151462994836040e-01 7.983352251229662855e-01 8.307577732265872816e-01
8.233199406202190707e-01 8.803786574870912096e-01 7.683188296128137251e-01 8.212623347607521662e-01
8.424799663062275679e-01 8.430292598967297213e-01 8.055240257283390326e-01 8.788866132936138387e-01
8.462660778166597453e-01 8.564543889845094293e-01 8.053190818514314175e-01 8.770247626140383890e-01
8.482528424474048423e-01 8.572289156626505813e-01 8.133907176188674981e-01 8.741388940606963365e-01
8.490580744997350271e-01 8.659208261617900027e-01 8.128862403834027361e-01 8.683671569540123425e-01
8.554006354194220174e-01 8.673838209982788205e-01 8.237482658595031149e-01 8.750698194004841168e-01
8.515732135002732628e-01 8.575731497418244142e-01 8.171427670576365543e-01 8.800037237013591529e-01
8.504733075102738349e-01 8.807228915662650426e-01 8.154559213015513119e-01 8.552411096630050391e-01
8.559478547900725154e-01 8.730636833046471201e-01 8.225028376844495392e-01 8.722770433811208868e-01
8.596162604717387801e-01 8.780550774526678648e-01 8.309370664648757510e-01 8.698566374976727245e-01
8.563143790480247652e-01 8.621342512908778399e-01 8.267120696178584804e-01 8.800968162353379753e-01
8.596803623343721723e-01 8.688468158347676384e-01 8.367070248455038550e-01 8.734872463228449124e-01
8.498850055506038670e-01 8.806368330464715566e-01 8.191764409131038205e-01 8.498417426922361129e-01
8.534693440444062196e-01 8.814113597246127085e-01 8.281309118426031235e-01 8.508657605660026046e-01
8.587779798173391654e-01 8.791738382099827387e-01 8.307478875015764652e-01 8.664122137404580704e-01
